1|0|6371|6371|6.371e+06|1.1784e+06|0|0|3.58613|9.81996|863175|0|315221|0|0|0
2|0|6371.01|6371|6.37101e+06|1.17839e+06|0|3.58613|3.66282|9.81996|858264|0|320131|0|0|0
3|0|6371.02|6371|6.37102e+06|1.17839e+06|0|7.24895|3.74039|9.81994|853353|0|325040|0|0|0
4|0|6371.03|6371|6.37103e+06|1.17839e+06|0|10.9893|3.81885|9.81991|848440|0|329949|0|0|0
5|0|6371.05|6371|6.37105e+06|1.17838e+06|0|14.8082|3.89823|9.81987|843527|0|334858|0|0|0
6|0|6371.07|6371|6.37107e+06|1.17838e+06|0|18.7064|3.97852|9.81982|838613|0|339766|0|0|0
7|0|6371.09|6371|6.37109e+06|1.17837e+06|0|22.6849|4.05976|9.81976|833697|0|344673|0|0|0
8|0.000608418|6371.12|6371|6.37112e+06|1.17836e+06|0|26.7447|4.08882|9.81968|828781|0|345097|102701|5|0.0872665
9|0.0024373|6371.15|6371|6.37115e+06|1.17835e+06|1.21684|30.8335|4.17167|9.81959|823864|0|350003|102700|5|0.0872665
10|0.00549392|6371.19|6371|6.37119e+06|1.17834e+06|2.44091|35.0052|4.25551|9.81949|818945|0.0291316|354909|102699|5|0.0872665
11|0.00978568|6371.23|6371|6.37123e+06|1.17833e+06|3.67232|39.2607|4.34035|9.81938|814026|0.0970794|359815|102698|5|0.0872665
12|0.01532|6371.28|6371|6.37128e+06|1.17831e+06|4.91113|43.6011|4.42621|9.81925|809106|0.203833|364720|102696|5|0.0872665
13|0.0221046|6371.33|6371|6.37133e+06|1.17829e+06|6.15744|48.0273|4.51312|9.81911|804185|0.349382|369624|102695|5|0.0872665
14|0.0301469|6371.38|6371|6.37138e+06|1.17827e+06|7.41135|52.5404|4.60108|9.81895|799263|0.533711|374528|102693|5|0.0872665
15|0.0400846|6371.44|6371|6.37144e+06|1.17825e+06|8.67293|57.1415|4.52428|9.81878|794340|0.756804|366014|204601|10|0.174533
16|0.0525594|6371.51|6371|6.37151e+06|1.17823e+06|11.202|61.6657|4.61339|9.8186|789415|1.08758|370917|204597|10|0.174533
17|0.067587|6371.57|6371|6.37157e+06|1.17821e+06|13.7467|66.2791|4.70361|9.8184|784490|1.75234|375819|204592|10|0.174533
18|0.0851834|6371.65|6371|6.37165e+06|1.17818e+06|16.3073|70.9827|4.79496|9.81819|779564|2.57422|380720|204587|10|0.174533
19|0.105365|6371.73|6371|6.37173e+06|1.17816e+06|18.884|75.7777|4.88745|9.81796|774637|3.55315|385620|204581|10|0.174533
20|0.128148|6371.81|6371|6.37181e+06|1.17813e+06|21.4769|80.6652|4.98112|9.81772|769710|4.68903|390520|204575|10|0.174533
21|0.153549|6371.9|6371|6.3719e+06|1.1781e+06|24.0863|85.6463|5.07598|9.81747|764781|5.98178|395418|204568|10|0.174533
22|0.181585|6371.99|6371|6.37199e+06|1.17806e+06|26.7123|90.7223|5.17205|9.8172|759851|7.43128|400316|204561|10|0.174533
23|0.212273|6372.09|6371|6.37209e+06|1.17803e+06|29.3552|95.8943|5.26936|9.81691|754920|9.03741|405213|204554|10|0.174533
24|0.246928|6372.19|6371|6.37219e+06|1.17799e+06|32.0152|101.164|4.67233|9.8166|749989|10.8001|356966|402887|20|0.349066
25|0.286875|6372.3|6371|6.3723e+06|1.17795e+06|37.2886|105.836|4.76763|9.81629|745056|13.2141|361863|402872|20|0.349066
26|0.332148|6372.41|6371|6.37241e+06|1.17791e+06|42.5965|110.604|4.8642|9.81595|740123|17.6233|366761|402854|20|0.349066
27|0.382783|6372.53|6371|6.37253e+06|1.17787e+06|47.9394|115.468|4.96204|9.8156|735189|22.6644|371657|402835|20|0.349066
28|0.438815|6372.66|6371|6.37266e+06|1.17783e+06|53.3177|120.43|5.06119|9.81524|730254|28.3367|376553|402815|20|0.349066
29|0.500281|6372.78|6371|6.37278e+06|1.17778e+06|58.7319|125.491|5.16168|9.81486|725318|34.6399|381448|402793|20|0.349066
30|0.567218|6372.92|6371|6.37292e+06|1.17774e+06|64.1824|130.653|5.26352|9.81447|720382|41.5732|386342|402770|20|0.349066
31|0.639662|6373.05|6371|6.37306e+06|1.17769e+06|69.6698|135.916|5.36674|9.81406|715445|49.1361|391236|402746|20|0.349066
32|0.717652|6373.2|6371|6.3732e+06|1.17764e+06|75.1944|141.283|5.47139|9.81363|710507|57.3279|396128|402721|20|0.349066
33|0.801226|6373.35|6371|6.37335e+06|1.17758e+06|80.7568|146.754|5.57747|9.81319|705568|66.1479|401020|402695|20|0.349066
34|0.890423|6373.5|6371|6.3735e+06|1.17753e+06|86.3576|152.332|5.68502|9.81273|700629|75.5951|405911|402667|20|0.349066
35|0.985282|6373.66|6371|6.37366e+06|1.17747e+06|91.9972|158.017|5.79408|9.81225|695688|85.6689|410801|402638|20|0.349066
36|1.08584|6373.83|6371|6.37383e+06|1.17741e+06|97.6762|163.811|5.90468|9.81175|690747|96.3683|415689|402608|20|0.349066
37|1.19348|6374|6371|6.374e+06|1.17735e+06|103.395|169.716|4.77628|9.81124|685806|107.692|333862|588581|30|0.523599
38|1.30957|6374.18|6371|6.37418e+06|1.17729e+06|111.815|174.492|4.88121|9.81071|680863|121.138|338756|588538|30|0.523599
39|1.43417|6374.36|6371|6.37436e+06|1.17722e+06|120.296|179.373|4.98769|9.81017|675920|140.269|343652|588488|30|0.523599
40|1.56735|6374.55|6371|6.37455e+06|1.17715e+06|128.837|184.361|5.09572|9.80961|670977|160.794|348547|588437|30|0.523599
41|1.70917|6374.74|6371|6.37474e+06|1.17708e+06|137.44|189.457|5.20534|9.80903|666033|182.711|353443|588384|30|0.523599
42|1.85969|6374.94|6371|6.37494e+06|1.17701e+06|146.105|194.662|5.31657|9.80844|661089|206.016|358337|588328|30|0.523599
43|2.01898|6375.14|6371|6.37514e+06|1.17694e+06|154.834|199.978|5.42946|9.80783|656144|230.709|363231|588270|30|0.523599
44|2.18711|6375.35|6371|6.37535e+06|1.17686e+06|163.627|205.408|5.54405|9.80721|651199|256.786|368125|588210|30|0.523599
45|2.36413|6375.56|6371|6.37556e+06|1.17679e+06|172.486|210.952|5.66036|9.80657|646253|284.245|373018|588148|30|0.523599
46|2.55012|6375.78|6371|6.37578e+06|1.17671e+06|181.411|216.612|5.77844|9.80591|641307|313.083|377910|588083|30|0.523599
47|2.74514|6376.01|6371|6.37601e+06|1.17663e+06|190.403|222.391|5.89833|9.80523|636360|343.297|382802|588017|30|0.523599
48|2.94927|6376.24|6371|6.37624e+06|1.17655e+06|199.463|228.289|6.02007|9.80454|631412|374.884|387693|587948|30|0.523599
49|3.16257|6376.48|6371|6.37648e+06|1.17646e+06|208.593|234.309|6.14371|9.80383|626465|407.839|392583|587877|30|0.523599
50|3.38512|6376.72|6371|6.37672e+06|1.17637e+06|217.793|240.453|6.26928|9.8031|621517|442.161|397473|587803|30|0.523599
51|3.61892|6376.97|6371|6.37697e+06|1.17628e+06|227.064|246.722|3.4265|9.80235|616568|477.845|215527|831419|45|0.785398
52|3.86601|6377.22|6371|6.37722e+06|1.17619e+06|240.282|250.149|3.5327|9.80159|611619|519.192|220440|831325|45|0.785398
53|4.12648|6377.47|6371|6.37748e+06|1.1761e+06|253.605|253.681|3.64077|9.80081|606670|575.942|225363|831219|45|0.785398
54|4.40045|6377.73|6371|6.37774e+06|1.176e+06|267.033|257.322|3.75061|9.80003|601722|635.599|230288|831111|45|0.785398
55|4.68803|6378|6371|6.378e+06|1.17591e+06|280.569|261.073|3.86228|9.79923|596773|698.155|235213|830999|45|0.785398
56|4.98932|6378.26|6371|6.37827e+06|1.17581e+06|294.215|264.935|3.97581|9.79842|591825|763.602|240139|830884|45|0.785398
57|5.30443|6378.53|6371|6.37854e+06|1.17571e+06|307.971|268.911|4.09125|9.7976|586876|831.934|245066|830766|45|0.785398
58|5.63349|6378.81|6371|6.37881e+06|1.17561e+06|321.84|273.002|4.20865|9.79677|581928|903.141|249994|830645|45|0.785398
59|5.97661|6379.09|6371|6.37909e+06|1.17551e+06|335.824|277.211|4.32806|9.79593|576980|977.215|254923|830521|45|0.785398
60|6.33391|6379.37|6371|6.37937e+06|1.17541e+06|349.925|281.539|4.44953|9.79507|572032|1054.15|259853|830394|45|0.785398
61|6.70551|6379.66|6371|6.37966e+06|1.1753e+06|364.144|285.988|4.57311|9.7942|567084|1133.93|264783|830263|45|0.785398
62|7.09154|6379.95|6371|6.37996e+06|1.1752e+06|378.483|290.561|4.69885|9.79331|562136|1216.54|269714|830130|45|0.785398
63|7.49211|6380.25|6371|6.38025e+06|1.17509e+06|392.945|295.26|4.82682|9.79241|557188|1301.99|274646|829993|45|0.785398
64|7.90735|6380.55|6371|6.38056e+06|1.17498e+06|407.532|300.087|4.95707|9.7915|552241|1390.25|279579|829853|45|0.785398
65|8.3374|6380.86|6370.99|6.38086e+06|1.17487e+06|422.246|305.044|5.08966|9.79057|547293|1481.32|284512|829710|45|0.785398
66|8.78238|6381.17|6370.99|6.38118e+06|1.17476e+06|437.089|310.134|5.22465|9.78963|542345|1575.17|289446|829564|45|0.785398
67|9.24244|6381.49|6370.99|6.38149e+06|1.17464e+06|452.063|315.359|5.36212|9.78867|537398|1671.81|294380|829414|45|0.785398
68|9.7177|6381.81|6370.99|6.38182e+06|1.17452e+06|467.171|320.721|5.50212|9.78769|532450|1771.21|299315|829261|45|0.785398
69|10.2083|6382.14|6370.99|6.38215e+06|1.1744e+06|482.414|326.223|5.64472|9.7867|527503|1873.37|304251|829104|45|0.785398
70|10.7144|6382.47|6370.99|6.38248e+06|1.17428e+06|497.797|331.867|5.79001|9.78569|522556|1978.26|309186|828944|45|0.785398
71|11.2361|6382.81|6370.99|6.38282e+06|1.17416e+06|513.32|337.657|5.93804|9.78466|517609|2085.88|314122|828781|45|0.785398
72|11.7736|6383.16|6370.99|6.38317e+06|1.17403e+06|528.987|343.596|6.08891|9.78362|512662|2196.2|319059|828615|45|0.785398
73|12.3271|6383.51|6370.99|6.38352e+06|1.17391e+06|544.8|349.684|6.24269|9.78256|507715|2309.21|323996|828445|45|0.785398
74|12.8966|6383.87|6370.99|6.38388e+06|1.17378e+06|560.762|355.927|6.39947|9.78147|502768|2424.9|328933|828271|45|0.785398
75|13.4823|6384.23|6370.99|6.38425e+06|1.17364e+06|576.877|362.327|6.55932|9.78037|497821|2543.23|333870|828094|45|0.785398
76|14.0845|6384.6|6370.98|6.38462e+06|1.17351e+06|593.146|368.886|6.72236|9.77925|492874|2664.21|338807|827913|45|0.785398
77|14.7032|6384.98|6370.98|6.385e+06|1.17337e+06|609.573|375.608|6.88865|9.77811|487928|2787.8|343744|827729|45|0.785398
78|15.3386|6385.37|6370.98|6.38538e+06|1.17323e+06|626.16|382.497|7.05832|9.77695|482981|2913.98|348681|827541|45|0.785398
79|15.9909|6385.76|6370.98|6.38578e+06|1.17309e+06|642.912|389.555|7.23145|9.77577|478035|3042.73|353618|827350|45|0.785398
80|16.6603|6386.16|6370.98|6.38618e+06|1.17295e+06|659.831|396.787|7.40816|9.77457|473089|3174.04|358555|827155|45|0.785398
81|17.3469|6386.56|6370.98|6.38659e+06|1.1728e+06|676.921|404.195|7.58855|9.77334|468143|3307.87|363491|826956|45|0.785398
82|18.0529|6386.97|6370.97|6.387e+06|1.17265e+06|694.186|411.783|2.66057|9.77209|463197|3444.21|126111|1.01382e+06|60|1.0472
83|18.7804|6387.39|6370.97|6.38741e+06|1.1725e+06|715.574|414.444|2.79551|9.77083|458252|3593.08|131110|1.01362e+06|60|1.0472
84|19.5298|6387.8|6370.97|6.38783e+06|1.17235e+06|737.187|417.239|2.93396|9.76956|453307|3775.82|136136|1.01339e+06|60|1.0472
85|20.3011|6388.22|6370.97|6.38825e+06|1.17219e+06|759.027|420.173|3.07548|9.76828|448364|3962.78|141165|1.01317e+06|60|1.0472
86|21.0947|6388.64|6370.97|6.38868e+06|1.17204e+06|781.1|423.249|3.22016|9.76699|443421|4153.91|146195|1.01294e+06|60|1.0472
87|21.9108|6389.07|6370.96|6.38911e+06|1.17188e+06|803.412|426.469|3.36812|9.76569|438479|4349.18|151228|1.01271e+06|60|1.0472
88|22.7497|6389.5|6370.96|6.38954e+06|1.17173e+06|825.966|429.837|3.51945|9.76438|433538|4548.55|156263|1.01247e+06|60|1.0472
89|23.6115|6389.93|6370.96|6.38997e+06|1.17157e+06|848.77|433.357|3.67427|9.76306|428598|4751.97|161301|1.01223e+06|60|1.0472
90|24.4966|6390.37|6370.95|6.39041e+06|1.17141e+06|871.827|437.031|3.83271|9.76173|423659|4959.41|166340|1.01199e+06|60|1.0472
91|25.4052|6390.81|6370.95|6.39086e+06|1.17125e+06|895.145|440.864|3.99489|9.76039|418721|5170.81|171381|1.01174e+06|60|1.0472
92|26.3377|6391.25|6370.95|6.3913e+06|1.17108e+06|918.729|444.859|4.16093|9.75904|413783|5386.14|176424|1.0115e+06|60|1.0472
93|27.2942|6391.7|6370.94|6.39175e+06|1.17092e+06|942.585|449.019|4.33098|9.75767|408846|5605.34|181468|1.01124e+06|60|1.0472
94|28.275|6392.15|6370.94|6.39221e+06|1.17076e+06|966.72|453.35|4.50518|9.75629|403911|5828.36|186515|1.01099e+06|60|1.0472
95|29.2806|6392.6|6370.93|6.39267e+06|1.17059e+06|991.14|457.856|4.68368|9.7549|398976|6055.14|191563|1.01073e+06|60|1.0472
96|30.311|6393.06|6370.93|6.39314e+06|1.17042e+06|1015.85|462.539|4.86664|9.7535|394041|6285.64|196612|1.01047e+06|60|1.0472
97|31.3668|6393.53|6370.92|6.39361e+06|1.17025e+06|1040.86|467.406|5.05421|9.75208|389108|6519.79|201663|1.01021e+06|60|1.0472
98|32.4481|6394|6370.92|6.39408e+06|1.17008e+06|1066.18|472.46|5.24659|9.75065|384175|6757.53|206716|1.00994e+06|60|1.0472
99|33.5553|6394.47|6370.91|6.39456e+06|1.1699e+06|1091.82|477.707|5.44394|9.7492|379244|6998.8|211769|1.00967e+06|60|1.0472
100|34.6903|6394.95|6370.91|6.39504e+06|1.16973e+06|1117.77|483.151|-1.68147|9.74773|374313|7243.53|-64568.4|1.128e+06|75|1.309
101|35.8549|6395.42|6370.9|6.39552e+06|1.16955e+06|1147.15|481.469|-1.5682|9.74626|369383|7501.89|-59434.9|1.12776e+06|75|1.309
102|37.0495|6395.9|6370.89|6.396e+06|1.16938e+06|1176.9|479.901|-1.45105|9.7448|364455|7795.23|-54269.1|1.12751e+06|75|1.309
103|38.2742|6396.37|6370.89|6.39648e+06|1.1692e+06|1207.05|478.45|1.2999|9.74334|359529|8093.29|47966.2|1.09592e+06|70|1.22173
104|39.5288|6396.84|6370.88|6.39696e+06|1.16903e+06|1236.75|479.75|1.45914|9.74188|354604|8393.06|53112.8|1.09565e+06|70|1.22173
105|40.8133|6397.32|6370.87|6.39745e+06|1.16885e+06|1266.85|481.209|4.23874|9.74041|349681|8688.34|152171|1.05567e+06|65|1.13446
106|42.1276|6397.79|6370.86|6.39793e+06|1.16867e+06|1296.25|485.448|4.44311|9.73894|344759|8983.75|157286|1.05538e+06|65|1.13446
107|43.472|6398.28|6370.85|6.39843e+06|1.16849e+06|1326.07|489.891|4.65308|9.73746|339837|9271.12|162393|1.0551e+06|65|1.13446
108|44.847|6398.77|6370.84|6.39892e+06|1.16832e+06|1356.3|494.544|4.86919|9.73596|334917|9561.79|167500|1.05481e+06|65|1.13446
109|46.253|6399.26|6370.83|6.39942e+06|1.16813e+06|1386.96|499.413|5.09171|9.73445|329998|9855.67|172609|1.05452e+06|65|1.13446
110|47.691|6399.75|6370.82|6.39993e+06|1.16795e+06|1418.07|504.505|2.51268|9.73292|325080|10152.6|83923.4|1.09404e+06|70|1.22173
111|49.1622|6400.25|6370.81|6.40044e+06|1.16777e+06|1450.83|507.018|2.70709|9.73138|320162|10456.9|89063.2|1.09376e+06|70|1.22173
112|50.667|6400.75|6370.8|6.40095e+06|1.16758e+06|1484.07|509.725|2.90792|9.72984|315247|10777.4|94216.7|1.09348e+06|70|1.22173
113|52.206|6401.25|6370.79|6.40146e+06|1.16739e+06|1517.82|512.633|3.1151|9.72828|310332|11101.1|99371.6|1.09319e+06|70|1.22173
114|53.7797|6401.76|6370.78|6.40198e+06|1.16721e+06|1552.09|515.748|3.32891|9.72672|305419|11427.9|104528|1.09291e+06|70|1.22173
115|55.3886|6402.26|6370.76|6.4025e+06|1.16702e+06|1586.9|519.077|3.54968|9.72515|300507|11757.6|109685|1.09262e+06|70|1.22173
116|57.0333|6402.77|6370.75|6.40303e+06|1.16683e+06|1622.26|522.626|3.77774|9.72357|295596|12090.2|114843|1.09232e+06|70|1.22173
117|58.7144|6403.29|6370.73|6.40356e+06|1.16664e+06|1658.19|526.404|4.01345|9.72197|290687|12425.3|120002|1.09203e+06|70|1.22173
118|60.4324|6403.8|6370.72|6.40409e+06|1.16644e+06|1694.71|530.417|4.2572|9.72037|285779|12762.9|125162|1.09173e+06|70|1.22173
119|62.1882|6404.32|6370.7|6.40462e+06|1.16625e+06|1731.84|534.675|4.5094|9.71875|280872|13102.8|130322|1.09144e+06|70|1.22173
120|63.9821|6404.85|6370.68|6.40517e+06|1.16605e+06|1769.61|539.184|4.77049|9.71712|275966|13444.7|135482|1.09113e+06|70|1.22173
121|65.8151|6405.37|6370.66|6.40571e+06|1.16586e+06|1808.03|543.954|5.04093|9.71548|271062|13788.5|140642|1.09083e+06|70|1.22173
122|67.6877|6405.91|6370.64|6.40626e+06|1.16566e+06|1847.13|548.995|5.32123|9.71382|266159|14134|145802|1.09053e+06|70|1.22173
123|69.6007|6406.44|6370.62|6.40682e+06|1.16546e+06|1886.93|554.317|5.61193|9.71215|261257|14480.9|150961|1.09022e+06|70|1.22173
124|71.5547|6406.98|6370.6|6.40738e+06|1.16526e+06|1927.46|559.929|5.91361|9.71046|256356|14829|156119|1.08991e+06|70|1.22173
125|73.5508|6407.53|6370.58|6.40795e+06|1.16505e+06|1968.74|565.842|6.2269|9.70875|251457|15178|161277|1.0896e+06|70|1.22173
126|75.5895|6408.08|6370.56|6.40853e+06|1.16484e+06|2010.81|572.069|6.55247|9.70703|246559|15527.7|166433|1.08928e+06|70|1.22173
127|77.6717|6408.64|6370.53|6.40911e+06|1.16463e+06|2053.7|578.622|6.89104|9.70529|241662|15877.8|171587|1.08897e+06|70|1.22173
128|79.7985|6409.2|6370.51|6.4097e+06|1.16442e+06|2097.43|585.513|7.24342|9.70352|236766|16228|176739|1.08865e+06|70|1.22173
129|81.9705|6409.77|6370.48|6.4103e+06|1.16421e+06|2142.05|592.756|7.61044|9.70174|231872|16577.9|181889|1.08833e+06|70|1.22173
130|84.1889|6410.35|6370.45|6.4109e+06|1.16399e+06|2187.58|600.366|7.99302|9.69993|226978|16927.3|187037|1.08801e+06|70|1.22173
131|86.4546|6410.93|6370.42|6.41151e+06|1.16377e+06|2234.08|608.359|8.39218|9.69811|222087|17275.7|192181|1.08768e+06|70|1.22173
132|88.7686|6411.52|6370.39|6.41213e+06|1.16355e+06|2281.58|616.752|8.809|9.69625|217196|17622.9|197322|1.08735e+06|70|1.22173
133|91.132|6412.12|6370.36|6.41276e+06|1.16332e+06|2330.12|625.561|9.24468|9.69437|212307|17968.3|202458|1.08702e+06|70|1.22173
134|93.546|6412.72|6370.32|6.4134e+06|1.1631e+06|2379.75|634.805|9.7005|9.69247|207419|18311.6|207591|1.08669e+06|70|1.22173
135|96.0117|6413.34|6370.29|6.41405e+06|1.16286e+06|2430.53|644.506|10.1779|9.69054|202532|18652.2|212718|1.08636e+06|70|1.22173
136|98.5305|6413.96|6370.25|6.41471e+06|1.16263e+06|2482.51|654.684|10.6784|9.68857|197647|18989.8|217840|1.08602e+06|70|1.22173
137|101.105|6414.58|6370.21|6.41538e+06|1.16239e+06|2535.75|665.362|1.41277|9.68658|192763|19323.7|28114|1.14137e+06|80|1.39626
138|103.738|6415.21|6370.17|6.41605e+06|1.16215e+06|2593.1|666.775|1.71597|9.68457|187881|19664.2|33289.7|1.14108e+06|80|1.39626
139|106.43|6415.83|6370.12|6.41672e+06|1.16191e+06|2651.92|668.491|2.03654|9.68255|183000|20032.3|38490.7|1.14078e+06|80|1.39626
140|109.184|6416.46|6370.08|6.41739e+06|1.16166e+06|2712.28|670.527|2.37418|9.68053|178122|20395.8|43685|1.14047e+06|80|1.39626
141|112.001|6417.09|6370.03|6.41806e+06|1.16142e+06|2774.26|672.902|2.73027|9.67851|173245|20753.8|48871.9|1.14017e+06|80|1.39626
142|114.883|6417.71|6369.98|6.41874e+06|1.16118e+06|2837.96|675.632|3.10635|9.67647|168371|21105.6|54050.6|1.13987e+06|80|1.39626
143|117.832|6418.34|6369.93|6.41942e+06|1.16093e+06|2903.47|678.738|3.50415|9.67443|163498|21450.3|59220.2|1.13957e+06|80|1.39626
144|120.85|6418.97|6369.87|6.42011e+06|1.16069e+06|2970.9|682.242|3.9256|9.67238|158627|21787|64379.9|1.13927e+06|80|1.39626
145|123.902|6419.59|6369.81|6.42079e+06|0|3040.37|686.168|-8.30059|9.67032|153758|22114.6|-131979|-3840.16|80|1.39626
146|126.955|6420.21|6369.75|6.42146e+06|0|3040.13|677.867|-8.25052|9.66826|153725|22889.9|-131183|-3974.79|80|1.39626
147|130.007|6420.81|6369.69|6.42213e+06|0|3039.88|669.617|-8.24887|9.66623|153693|22883.8|-131157|-3973.73|80|1.39626
148|133.059|6421.41|6369.63|6.42278e+06|0|3039.63|661.368|-8.24724|9.66423|153661|22877.7|-131131|-3972.67|80|1.39626
149|136.111|6421.99|6369.57|6.42343e+06|0|3039.38|653.121|-8.24564|9.66225|153630|22871.6|-131106|-3971.61|80|1.39626
150|139.163|6422.57|6369.5|6.42407e+06|0|3039.13|644.875|-8.24407|9.6603|153599|22865.5|-131081|-3970.56|80|1.39626
151|142.215|6423.13|6369.44|6.42471e+06|0|3038.88|636.631|-8.24251|9.65837|153568|22859.5|-131056|-3969.51|80|1.39626
152|145.267|6423.69|6369.37|6.42533e+06|0|3038.63|628.389|-8.24098|9.65647|153538|22853.5|-131032|-3968.46|80|1.39626
153|148.318|6424.23|6369.3|6.42595e+06|0|3038.38|620.148|-8.23948|9.6546|153508|22847.5|-131008|-3967.43|80|1.39626
154|151.369|6424.77|6369.23|6.42655e+06|0|3038.13|611.908|-8.23799|9.65275|153479|22841.6|-130984|-3966.39|80|1.39626
155|154.42|6425.3|6369.16|6.42715e+06|0|3037.88|603.67|-8.23653|9.65092|153450|22835.6|-130961|-3965.37|80|1.39626
156|157.471|6425.82|6369.09|6.42774e+06|0|3037.63|595.434|-8.2351|9.64912|153421|22829.8|-130938|-3964.35|80|1.39626
157|160.522|6426.32|6369.01|6.42833e+06|0|3037.38|587.198|-8.23369|9.64734|153393|22823.9|-130916|-3963.33|80|1.39626
158|163.572|6426.82|6368.94|6.4289e+06|0|3037.13|578.965|-8.2323|9.64559|153365|22818.1|-130893|-3962.32|80|1.39626
159|166.622|6427.31|6368.86|6.42947e+06|0|3036.88|570.733|-8.23093|9.64387|153338|22812.3|-130872|-3961.32|80|1.39626
160|169.672|6427.79|6368.78|6.43003e+06|0|3036.63|562.502|-8.22959|9.64217|153310|22806.6|-130850|-3960.32|80|1.39626
161|172.722|6428.26|6368.7|6.43058e+06|0|3036.38|554.272|-8.22827|9.64049|153284|22800.8|-130829|-3959.32|80|1.39626
162|175.771|6428.72|6368.62|6.43112e+06|0|3036.13|546.044|-8.22697|9.63885|153258|22795.2|-130809|-3958.34|80|1.39626
163|178.82|6429.17|6368.54|6.43165e+06|0|3035.89|537.817|-8.22569|9.63722|153232|22789.5|-130789|-3957.35|80|1.39626
164|181.869|6429.61|6368.45|6.43218e+06|0|3035.64|529.591|-8.22444|9.63562|153206|22783.9|-130769|-3956.38|80|1.39626
165|184.918|6430.04|6368.37|6.4327e+06|0|3035.39|521.367|-8.22322|9.63405|153181|22778.3|-130749|-3955.4|80|1.39626
166|187.966|6430.46|6368.28|6.43321e+06|0|3035.14|513.143|-8.22201|9.6325|153157|22772.7|-130730|-3954.44|80|1.39626
167|191.014|6430.87|6368.19|6.43371e+06|0|3034.89|504.921|-8.22083|9.63097|153132|22767.2|-130711|-3953.48|80|1.39626
168|194.062|6431.27|6368.1|6.4342e+06|0|3034.64|496.701|-8.21967|9.62947|153109|22761.7|-130693|-3952.52|80|1.39626
169|197.11|6431.66|6368.01|6.43468e+06|0|3034.39|488.481|-8.21854|9.628|153085|22756.2|-130675|-3951.57|80|1.39626
170|200.157|6432.05|6367.92|6.43516e+06|0|3034.14|480.262|-8.21742|9.62655|153062|22750.8|-130657|-3950.63|80|1.39626
171|203.204|6432.42|6367.82|6.43563e+06|0|3033.9|472.045|-8.21633|9.62513|153040|22745.3|-130640|-3949.69|80|1.39626
172|206.25|6432.78|6367.73|6.43609e+06|0|3033.65|463.829|-8.21527|9.62373|153017|22740|-130623|-3948.75|80|1.39626
173|209.296|6433.13|6367.63|6.43654e+06|0|3033.4|455.613|-8.21422|9.62235|152995|22734.6|-130606|-3947.83|80|1.39626
174|212.342|6433.48|6367.53|6.43698e+06|0|3033.15|447.399|-8.2132|9.621|152974|22729.3|-130590|-3946.9|80|1.39626
175|215.388|6433.81|6367.43|6.43742e+06|0|3032.9|439.186|-8.21221|9.61968|152953|22724|-130574|-3945.98|80|1.39626
176|218.433|6434.14|6367.33|6.43784e+06|0|3032.65|430.974|-8.21123|9.61838|152932|22718.8|-130559|-3945.07|80|1.39626
177|221.477|6434.45|6367.23|6.43826e+06|0|3032.41|422.762|-8.21028|9.6171|152912|22713.5|-130543|-3944.16|80|1.39626
178|224.522|6434.76|6367.13|6.43867e+06|0|3032.16|414.552|-8.20935|9.61585|152892|22708.3|-130529|-3943.26|80|1.39626
179|227.566|6435.05|6367.02|6.43908e+06|0|3031.91|406.343|-8.20844|9.61462|152873|22703.2|-130514|-3942.37|80|1.39626
180|230.609|6435.34|6366.91|6.43947e+06|0|3031.66|398.134|-8.20756|9.61342|152853|22698.1|-130500|-3941.48|80|1.39626
181|233.652|6435.61|6366.81|6.43985e+06|0|3031.41|389.927|-8.2067|9.61225|152835|22693|-130487|-3940.59|80|1.39626
182|236.695|6435.88|6366.7|6.44023e+06|0|3031.17|381.72|-8.20586|9.61109|152816|22687.9|-130473|-3939.71|80|1.39626
183|239.737|6436.14|6366.58|6.4406e+06|0|3030.92|373.514|-8.20505|9.60997|152798|22682.8|-130460|-3938.83|80|1.39626
184|242.779|6436.39|6366.47|6.44096e+06|0|3030.67|365.309|-8.20425|9.60887|152781|22677.8|-130448|-3937.96|80|1.39626
185|245.821|6436.62|6366.36|6.44132e+06|0|3030.42|357.105|-8.20349|9.60779|152764|22672.9|-130435|-3937.1|80|1.39626
186|248.862|6436.85|6366.24|6.44166e+06|0|3030.18|348.901|-8.20274|9.60673|152747|22667.9|-130424|-3936.24|80|1.39626
187|251.902|6437.07|6366.13|6.442e+06|0|3029.93|340.699|-8.20202|9.60571|152731|22663|-130412|-3935.39|80|1.39626
188|254.942|6437.28|6366.01|6.44233e+06|0|3029.68|332.497|-8.20131|9.6047|152715|22658.1|-130401|-3934.54|80|1.39626
189|257.982|6437.48|6365.89|6.44265e+06|0|3029.43|324.295|-8.20064|9.60372|152699|22653.2|-130390|-3933.69|80|1.39626
190|261.021|6437.67|6365.77|6.44296e+06|0|3029.19|316.095|-8.19998|9.60277|152684|22648.4|-130380|-3932.86|80|1.39626
191|264.06|6437.85|6365.65|6.44326e+06|0|3028.94|307.895|-8.19935|9.60184|152669|22643.6|-130370|-3932.02|80|1.39626
192|267.098|6438.02|6365.52|6.44356e+06|0|3028.69|299.695|-8.19874|9.60093|152655|22638.9|-130360|-3931.2|80|1.39626
193|270.135|6438.18|6365.4|6.44384e+06|0|3028.44|291.497|-8.19815|9.60005|152641|22634.1|-130351|-3930.37|80|1.39626
194|273.172|6438.33|6365.27|6.44412e+06|0|3028.2|283.299|-8.19758|9.5992|152627|22629.4|-130342|-3929.56|80|1.39626
195|276.209|6438.47|6365.15|6.4444e+06|0|3027.95|275.101|-8.19704|9.59836|152614|22624.7|-130333|-3928.75|80|1.39626
196|279.245|6438.61|6365.02|6.44466e+06|0|3027.7|266.904|-8.19652|9.59756|152601|22620.1|-130325|-3927.94|80|1.39626
197|282.28|6438.73|6364.89|6.44491e+06|0|3027.46|258.707|-8.19603|9.59677|152589|22615.5|-130317|-3927.14|80|1.39626
198|285.315|6438.84|6364.75|6.44516e+06|0|3027.21|250.511|-8.19555|9.59602|152577|22610.9|-130309|-3926.34|80|1.39626
199|288.35|6438.94|6364.62|6.4454e+06|0|3026.96|242.316|-8.1951|9.59528|152565|22606.4|-130302|-3925.55|80|1.39626
200|291.384|6439.04|6364.49|6.44563e+06|0|3026.71|234.121|-8.19467|9.59457|152554|22601.8|-130295|-3924.77|80|1.39626
201|294.417|6439.12|6364.35|6.44585e+06|0|3026.47|225.926|-8.19426|9.59389|152543|22597.3|-130289|-3923.99|80|1.39626
202|297.449|6439.2|6364.21|6.44606e+06|0|3026.22|217.732|-8.19388|9.59323|152532|22592.9|-130283|-3923.21|80|1.39626
203|300.482|6439.26|6364.07|6.44627e+06|0|3025.97|209.538|-8.19352|9.59259|152522|22588.4|-130277|-3922.44|80|1.39626
204|303.513|6439.32|6363.93|6.44647e+06|0|3025.73|201.344|-8.19318|9.59198|152512|22584|-130272|-3921.68|80|1.39626
205|306.544|6439.36|6363.79|6.44665e+06|0|3025.48|193.151|-8.19286|9.59139|152503|22579.7|-130267|-3920.92|80|1.39626
206|309.574|6439.4|6363.65|6.44684e+06|0|3025.23|184.958|-8.19257|9.59083|152494|22575.3|-130262|-3920.16|80|1.39626
207|312.604|6439.42|6363.51|6.44701e+06|0|3024.99|176.766|-8.1923|9.59029|152486|22571|-130258|-3919.41|80|1.39626
208|315.633|6439.44|6363.36|6.44717e+06|0|3024.74|168.573|-8.19205|9.58978|152477|22566.7|-130254|-3918.67|80|1.39626
209|318.661|6439.45|6363.21|6.44733e+06|0|3024.49|160.381|-8.19182|9.58929|152470|22562.5|-130250|-3917.93|80|1.39626
210|321.689|6439.45|6363.07|6.44748e+06|0|3024.25|152.19|-8.19162|9.58883|152462|22558.2|-130247|-3917.2|80|1.39626
211|324.716|6439.43|6362.92|6.44762e+06|0|3024|143.998|-8.19144|9.58838|152455|22554.1|-130244|-3916.47|80|1.39626
212|327.742|6439.41|6362.76|6.44775e+06|0|3023.76|135.807|-8.19128|9.58797|152449|22549.9|-130241|-3915.75|80|1.39626
213|330.768|6439.38|6362.61|6.44787e+06|0|3023.51|127.615|-8.19115|9.58758|152442|22545.8|-130239|-3915.03|80|1.39626
214|333.793|6439.34|6362.46|6.44799e+06|0|3023.26|119.424|-8.19103|9.58721|152437|22541.7|-130237|-3914.32|80|1.39626
215|336.817|6439.29|6362.3|6.44809e+06|0|3023.02|111.233|-8.19094|9.58687|152431|22537.6|-130236|-3913.61|80|1.39626
216|339.841|6439.23|6362.15|6.44819e+06|0|3022.77|103.042|-8.19088|9.58655|152426|22533.5|-130235|-3912.91|80|1.39626
217|342.864|6439.16|6361.99|6.44828e+06|0|3022.52|94.8513|-8.19083|9.58625|152421|22529.5|-130234|-3912.21|80|1.39626
218|345.886|6439.08|6361.83|6.44837e+06|0|3022.28|86.6604|-8.19081|9.58598|152417|22525.5|-130234|-3911.52|80|1.39626
219|348.908|6438.99|6361.67|6.44844e+06|0|3022.03|78.4696|-8.19081|9.58574|152413|22521.6|-130234|-3910.83|80|1.39626
220|351.929|6438.9|6361.51|6.44851e+06|0|3021.79|70.2788|-8.19083|9.58552|152410|22517.7|-130234|-3910.15|80|1.39626
221|354.949|6438.79|6361.34|6.44857e+06|0|3021.54|62.088|-8.19087|9.58532|152407|22513.8|-130235|-3909.47|80|1.39626
222|357.968|6438.67|6361.18|6.44862e+06|0|3021.3|53.8971|-8.19094|9.58515|152404|22509.9|-130236|-3908.8|80|1.39626
223|360.986|6438.54|6361.01|6.44866e+06|0|3021.05|45.7062|-8.19103|9.585|152402|22506.1|-130237|-3908.13|80|1.39626
224|364.004|6438.41|6360.84|6.44869e+06|0|3020.8|37.5152|-8.19114|9.58488|152400|22502.2|-130239|-3907.47|80|1.39626
225|367.021|6438.26|6360.67|6.44872e+06|0|3020.56|29.324|-8.19128|9.58478|152398|22498.5|-130241|-3906.82|80|1.39626
226|370.037|6438.11|6360.5|6.44873e+06|0|3020.31|21.1327|-8.19143|9.5847|152397|22494.7|-130244|-3906.17|80|1.39626
227|373.053|6437.94|6360.33|6.44874e+06|0|3020.07|12.9413|-8.19161|9.58465|152396|22491|-130247|-3905.52|80|1.39626
228|376.068|6437.77|6360.16|6.44874e+06|0|3019.82|4.7497|-8.19182|9.58463|152396|22487.3|-130250|-3904.88|80|1.39626
229|379.081|6437.58|6359.98|6.44873e+06|0|3019.58|-3.44211|-8.19204|9.58462|152396|22483.6|-130253|-3904.24|80|1.39626
230|382.094|6437.39|6359.81|6.44872e+06|0|3019.33|-11.6342|-8.19229|9.58465|152396|22480|-130257|-3903.61|80|1.39626
231|385.107|6437.19|6359.63|6.44869e+06|0|3019.08|-19.8264|-8.19256|9.58469|152397|22476.4|-130262|-3902.99|80|1.39626
232|388.118|6436.97|6359.45|6.44866e+06|0|3018.84|-28.019|-8.19285|9.58476|152398|22472.8|-130266|-3902.37|80|1.39626
233|391.128|6436.75|6359.27|6.44862e+06|0|3018.59|-36.2118|-8.19316|9.58486|152399|22469.3|-130271|-3901.75|80|1.39626
234|394.138|6436.52|6359.09|6.44857e+06|0|3018.35|-44.405|-8.1935|9.58498|152401|22465.8|-130277|-3901.14|80|1.39626
235|397.147|6436.28|6358.91|6.44852e+06|0|3018.1|-52.5985|-8.19386|9.58512|152403|22462.3|-130282|-3900.54|80|1.39626
236|400.155|6436.02|6358.72|6.44845e+06|0|3017.86|-60.7924|-8.19424|9.58529|152406|22458.9|-130288|-3899.94|80|1.39626
237|403.162|6435.76|6358.54|6.44838e+06|0|3017.61|-68.9866|-8.19465|9.58548|152409|22455.4|-130295|-3899.34|80|1.39626
238|406.168|6435.49|6358.35|6.4483e+06|0|3017.37|-77.1813|-8.19508|9.5857|152413|22452|-130302|-3898.75|80|1.39626
239|409.174|6435.21|6358.16|6.44821e+06|0|3017.12|-85.3763|-8.19553|9.58594|152416|22448.7|-130309|-3898.17|80|1.39626
240|412.178|6434.92|6357.97|6.44811e+06|0|3016.88|-93.5719|-8.196|9.58621|152421|22445.3|-130316|-3897.59|80|1.39626
241|415.182|6434.62|6357.78|6.448e+06|0|3016.63|-101.768|-8.19649|9.5865|152425|22442|-130324|-3897.02|80|1.39626
242|418.184|6434.32|6357.59|6.44789e+06|0|3016.39|-109.964|-8.19701|9.58681|152430|22438.7|-130333|-3896.45|80|1.39626
243|421.186|6434|6357.39|6.44777e+06|0|3016.14|-118.161|-8.19755|9.58715|152436|22435.5|-130341|-3895.88|80|1.39626
244|424.187|6433.67|6357.2|6.44764e+06|0|3015.9|-126.359|-8.19812|9.58752|152442|22432.3|-130350|-3895.32|80|1.39626
245|427.186|6433.33|6357|6.4475e+06|0|3015.65|-134.557|-8.1987|9.58791|152448|22429.1|-130359|-3894.77|80|1.39626
246|430.185|6432.98|6356.8|6.44735e+06|0|3015.41|-142.756|-8.19931|9.58832|152454|22425.9|-130369|-3894.22|80|1.39626
247|433.183|6432.63|6356.6|6.4472e+06|0|3015.16|-150.955|-8.19994|9.58875|152461|22422.8|-130379|-3893.68|80|1.39626
248|436.18|6432.26|6356.4|6.44703e+06|0|3014.92|-159.155|-8.20059|9.58922|152469|22419.7|-130389|-3893.14|80|1.39626
249|439.176|6431.89|6356.2|6.44686e+06|0|3014.67|-167.356|-8.20127|9.5897|152476|22416.6|-130400|-3892.6|80|1.39626
250|442.171|6431.5|6356|6.44668e+06|0|3014.43|-175.557|-8.20197|9.59021|152484|22413.6|-130411|-3892.08|80|1.39626
251|445.165|6431.11|6355.79|6.4465e+06|0|3014.18|-183.759|-8.20269|9.59075|152493|22410.6|-130423|-3891.55|80|1.39626
252|448.158|6430.7|6355.58|6.4463e+06|0|3013.94|-191.962|-8.20343|9.5913|152502|22407.6|-130435|-3891.03|80|1.39626
253|451.15|6430.29|6355.38|6.44609e+06|0|3013.69|-200.165|-8.2042|9.59189|152511|22404.6|-130447|-3890.52|80|1.39626
254|454.141|6429.86|6355.17|6.44588e+06|0|3013.45|-208.369|-8.20499|9.5925|152521|22401.7|-130459|-3890.01|80|1.39626
255|457.131|6429.43|6354.96|6.44566e+06|0|3013.2|-216.574|-8.2058|9.59313|152531|22398.8|-130472|-3889.51|80|1.39626
256|460.12|6428.99|6354.75|6.44543e+06|0|3012.96|-224.78|-8.20664|9.59379|152541|22395.9|-130486|-3889.01|80|1.39626
257|463.108|6428.54|6354.53|6.4452e+06|0|3012.71|-232.987|-8.20749|9.59447|152552|22393.1|-130499|-3888.52|80|1.39626
258|466.095|6428.07|6354.32|6.44495e+06|0|3012.47|-241.194|-8.20837|9.59517|152563|22390.3|-130513|-3888.03|80|1.39626
259|469.081|6427.6|6354.1|6.4447e+06|0|3012.22|-249.402|-8.20928|9.5959|152575|22387.5|-130528|-3887.54|80|1.39626
260|472.066|6427.12|6353.88|6.44444e+06|0|3011.98|-257.612|-8.2102|9.59666|152587|22384.7|-130542|-3887.07|80|1.39626
261|475.049|6426.63|6353.67|6.44417e+06|0|3011.74|-265.822|-8.21115|9.59744|152599|22382|-130557|-3886.59|80|1.39626
262|478.032|6426.13|6353.45|6.44389e+06|0|3011.49|-274.033|-8.21212|9.59824|152612|22379.3|-130573|-3886.12|80|1.39626
263|481.014|6425.62|6353.22|6.4436e+06|0|3011.25|-282.245|-8.21312|9.59907|152625|22376.6|-130589|-3885.66|80|1.39626
264|483.994|6425.1|6353|6.44331e+06|0|3011|-290.458|-8.21413|9.59992|152639|22374|-130605|-3885.2|80|1.39626
265|486.973|6424.57|6352.78|6.443e+06|0|3010.76|-298.672|-8.21517|9.6008|152653|22371.4|-130621|-3884.75|80|1.39626
266|489.952|6424.04|6352.55|6.44269e+06|0|3010.51|-306.888|-8.21623|9.6017|152667|22368.8|-130638|-3884.3|80|1.39626
267|492.929|6423.49|6352.32|6.44237e+06|0|3010.27|-315.104|-8.21732|9.60263|152682|22366.3|-130655|-3883.86|80|1.39626
268|495.905|6422.93|6352.1|6.44205e+06|0|3010.03|-323.321|-8.21843|9.60358|152697|22363.7|-130673|-3883.42|80|1.39626
269|498.879|6422.36|6351.87|6.44171e+06|0|3009.78|-331.54|-8.21956|9.60456|152712|22361.2|-130691|-3882.99|80|1.39626
270|501.853|6421.79|6351.63|6.44137e+06|0|3009.54|-339.759|-8.22071|9.60556|152728|22358.8|-130709|-3882.56|80|1.39626
271|504.826|6421.2|6351.4|6.44101e+06|0|3009.29|-347.98|-8.22189|9.60659|152745|22356.3|-130728|-3882.14|80|1.39626
272|507.797|6420.6|6351.17|6.44065e+06|0|3009.05|-356.202|-8.22309|9.60764|152761|22353.9|-130747|-3881.72|80|1.39626
273|510.767|6420|6350.93|6.44029e+06|0|3008.8|-364.425|-8.22431|9.60871|152778|22351.6|-130767|-3881.31|80|1.39626
274|513.736|6419.38|6350.7|6.43991e+06|0|3008.56|-372.649|-8.22555|9.60981|152796|22349.2|-130786|-3880.9|80|1.39626
275|516.704|6418.76|6350.46|6.43952e+06|0|3008.32|-380.875|-8.22682|9.61093|152814|22346.9|-130806|-3880.5|80|1.39626
276|519.671|6418.13|6350.22|6.43913e+06|0|3008.07|-389.102|-8.22811|9.61208|152832|22344.6|-130827|-3880.1|80|1.39626
277|522.636|6417.48|6349.98|6.43873e+06|0|3007.83|-397.33|-8.22943|9.61326|152851|22342.3|-130848|-3879.71|80|1.39626
278|525.6|6416.83|6349.73|6.43832e+06|0|3007.58|-405.559|-8.23076|9.61446|152870|22340.1|-130869|-3879.32|80|1.39626
279|528.563|6416.17|6349.49|6.4379e+06|0|3007.34|-413.79|-8.23212|9.61568|152889|22337.9|-130891|-3878.94|80|1.39626
280|531.525|6415.49|6349.25|6.43748e+06|0|3007.1|-422.022|-8.23351|9.61693|152909|22335.7|-130913|-3878.56|80|1.39626
281|534.486|6414.81|6349|6.43704e+06|0|3006.85|-430.255|-8.23491|9.6182|152929|22333.6|-130935|-3878.19|80|1.39626
282|537.445|6414.12|6348.75|6.4366e+06|0|3006.61|-438.49|-8.23634|9.6195|152950|22331.5|-130958|-3877.82|80|1.39626
283|540.403|6413.42|6348.5|6.43615e+06|0|3006.36|-446.727|-8.23779|9.62082|152971|22329.4|-130981|-3877.46|80|1.39626
284|543.36|6412.71|6348.25|6.43569e+06|0|3006.12|-454.965|-8.23927|9.62217|152993|22327.3|-131004|-3877.1|80|1.39626
285|546.315|6411.99|6348|6.43522e+06|0|3005.88|-463.204|-8.24077|9.62354|153014|22325.3|-131028|-3876.75|80|1.39626
286|549.27|6411.26|6347.75|6.43475e+06|0|3005.63|-471.445|-8.24229|9.62494|153037|22323.3|-131052|-3876.4|80|1.39626
287|552.223|6410.52|6347.49|6.43426e+06|0|3005.39|-479.687|-8.24384|9.62636|153059|22321.3|-131077|-3876.06|80|1.39626
288|555.174|6409.77|6347.24|6.43377e+06|0|3005.15|-487.931|-8.2454|9.62781|153082|22319.4|-131102|-3875.72|80|1.39626
289|558.125|6409.01|6346.98|6.43327e+06|0|3004.9|-496.176|-8.24699|9.62928|153106|22317.5|-131127|-3875.39|80|1.39626
290|561.074|6408.25|6346.72|6.43276e+06|0|3004.66|-504.423|-8.24861|9.63078|153129|22315.6|-131153|-3875.06|80|1.39626
291|564.021|6407.47|6346.46|6.43224e+06|0|3004.41|-512.672|-8.25025|9.63231|153154|22313.7|-131179|-3874.74|80|1.39626
292|566.968|6406.68|6346.2|6.43172e+06|0|3004.17|-520.922|-8.25191|9.63385|153178|22311.9|-131205|-3874.42|80|1.39626
293|569.913|6405.88|6345.94|6.43119e+06|0|3003.93|-529.174|-8.25359|9.63543|153203|22310.1|-131232|-3874.11|80|1.39626
294|572.856|6405.08|6345.67|6.43064e+06|0|3003.68|-537.427|-8.2553|9.63702|153229|22308.3|-131259|-3873.8|80|1.39626
295|575.799|6404.26|6345.4|6.43009e+06|0|3003.44|-545.683|-8.25703|9.63865|153254|22306.6|-131287|-3873.5|80|1.39626
296|578.74|6403.44|6345.14|6.42954e+06|0|3003.2|-553.94|-8.25879|9.6403|153281|22304.9|-131315|-3873.2|80|1.39626
297|581.679|6402.6|6344.87|6.42897e+06|0|3002.95|-562.199|-8.26056|9.64197|153307|22303.2|-131343|-3872.91|80|1.39626
298|584.618|6401.76|6344.6|6.4284e+06|0|3002.71|-570.459|-8.26236|9.64367|153334|22301.5|-131372|-3872.62|80|1.39626
299|587.554|6400.9|6344.33|6.42781e+06|0|3002.46|-578.721|-8.26419|9.64539|153362|22299.9|-131401|-3872.34|80|1.39626
300|590.49|6400.04|6344.06|6.42722e+06|0|3002.22|-586.986|-8.26604|9.64714|153390|22298.3|-131430|-3872.06|80|1.39626
301|593.424|6399.17|6343.78|6.42662e+06|0|3001.98|-595.252|-8.26791|9.64892|153418|22296.8|-131460|-3871.79|80|1.39626
302|596.356|6398.28|6343.51|6.42601e+06|0|3001.73|-603.52|-8.2698|9.65072|153446|22295.2|-131490|-3871.52|80|1.39626
303|599.288|6397.39|6343.23|6.4254e+06|0|3001.49|-611.789|-8.27172|9.65254|153475|22293.7|-131520|-3871.26|80|1.39626
304|602.217|6396.49|6342.95|6.42477e+06|0|3001.25|-620.061|-8.27366|9.65439|153505|22292.2|-131551|-3871|80|1.39626
305|605.146|6395.58|6342.67|6.42414e+06|0|3001|-628.335|-8.27563|9.65627|153535|22290.8|-131583|-3870.75|80|1.39626
306|608.073|6394.65|6342.39|6.4235e+06|0|3000.76|-636.61|-8.27762|9.65817|153565|22289.4|-131614|-3870.51|80|1.39626
307|610.998|6393.72|6342.11|6.42285e+06|0|3000.52|-644.888|-8.27963|9.6601|153596|22288|-131646|-3870.26|80|1.39626
308|613.922|6392.78|6341.82|6.42219e+06|0|3000.27|-653.168|-8.28167|9.66205|153627|22286.6|-131679|-3870.03|80|1.39626
309|616.844|6391.83|6341.54|6.42153e+06|0|3000.03|-661.449|-8.28373|9.66403|153658|22285.3|-131711|-3869.8|80|1.39626
310|619.765|6390.87|6341.25|6.42086e+06|0|2999.79|-669.733|-8.28582|9.66603|153690|22284|-131744|-3869.57|80|1.39626
311|622.685|6389.9|6340.96|6.42017e+06|0|2999.54|-678.019|-8.28792|9.66806|153722|22282.7|-131778|-3869.35|80|1.39626
312|625.603|6388.93|6340.67|6.41948e+06|0|2999.3|-686.307|-8.29006|9.67011|153755|22281.4|-131812|-3869.13|80|1.39626
313|628.519|6387.94|6340.38|6.41878e+06|0|2999.06|-694.597|-8.29221|9.67219|153788|22280.2|-131846|-3868.92|80|1.39626
314|631.434|6386.94|6340.09|6.41808e+06|0|2998.81|-702.889|-8.29439|9.6743|153821|22279|-131881|-3868.71|80|1.39626
315|634.348|6385.93|6339.8|6.41736e+06|0|2998.57|-711.183|-8.29659|9.67643|153855|22277.9|-131916|-3868.51|80|1.39626
316|637.26|6384.91|6339.5|6.41664e+06|0|2998.33|-719.48|-8.29882|9.67859|153890|22276.7|-131951|-3868.31|80|1.39626
317|640.17|6383.89|6339.21|6.41591e+06|0|2998.08|-727.779|-8.30107|9.68077|153924|22275.6|-131987|-3868.12|80|1.39626
318|643.079|6382.85|6338.91|6.41517e+06|0|2997.84|-736.08|-8.30335|9.68298|153959|22274.6|-132023|-3867.94|80|1.39626
319|645.986|6381.81|6338.61|6.41442e+06|0|2997.6|-744.383|-8.30565|9.68522|153995|22273.5|-132060|-3867.75|80|1.39626
320|648.892|6380.75|6338.31|6.41366e+06|0|2997.35|-752.689|-8.30797|9.68748|154031|22272.5|-132097|-3867.58|80|1.39626
321|651.796|6379.69|6338.01|6.41289e+06|0|2997.11|-760.997|-8.31032|9.68976|154067|22271.5|-132134|-3867.41|80|1.39626
322|654.699|6378.61|6337.7|6.41212e+06|0|2996.87|-769.307|-8.31269|9.69208|154104|22270.5|-132172|-3867.24|80|1.39626
323|657.6|6377.53|6337.4|6.41134e+06|0|2996.62|-777.62|-8.31509|9.69441|154141|22269.6|-132210|-3867.08|80|1.39626
324|660.499|6376.43|6337.09|6.41055e+06|0|2996.38|-785.935|-8.31751|9.69678|154179|22268.7|-132248|-3866.92|80|1.39626
325|663.397|6375.33|6336.79|6.40975e+06|0|2996.14|-794.253|-8.31995|9.69917|154217|22267.8|-132287|-3866.77|80|1.39626
326|666.293|6374.22|6336.48|6.40894e+06|0|2995.89|-802.573|-8.32242|9.70158|154255|22267|-132326|-3866.62|80|1.39626
327|669.187|6373.09|6336.17|6.40813e+06|0|2995.65|-810.895|-8.32491|9.70403|154294|22266.2|-132366|-3866.48|80|1.39626
328|672.08|6371.96|6335.85|6.40731e+06|0|2995.41|-819.22|-8.32743|9.7065|154333|22265.4|-132406|-3866.35|80|1.39626
329|674.971|6370.82|6335.54|6.40647e+06|0|2995.16|-827.547|-8.32997|9.70899|154373|22264.7|-132447|-3866.22|80|1.39626
330|677.861|6369.67|6335.23|6.40563e+06|0|2994.92|-835.877|-8.33254|9.71151|154413|22263.9|-132487|-3866.09|80|1.39626
331|680.749|6368.51|6334.91|6.40479e+06|0|2994.68|-844.21|-8.33513|9.71406|154454|22263.2|-132529|-3865.97|80|1.39626
332|683.635|6367.33|6334.59|6.40393e+06|0|2994.44|-852.545|-8.33774|9.71663|154494|22262.6|-132570|-3865.85|80|1.39626
333|686.52|6366.15|6334.28|6.40306e+06|0|2994.19|-860.883|-8.34038|9.71923|154536|22261.9|-132612|-3865.74|80|1.39626
334|689.402|6364.96|6333.95|6.40219e+06|0|2993.95|-869.223|-8.34305|9.72186|154578|22261.3|-132654|-3865.64|80|1.39626
335|692.284|6363.76|6333.63|6.40131e+06|0|2993.71|-877.566|-8.34573|9.72451|154620|22260.7|-132697|-3865.54|80|1.39626
336|695.163|6362.56|6333.31|6.40042e+06|0|2993.46|-885.912|-8.34845|9.72719|154662|22260.2|-132740|-3865.44|80|1.39626
337|698.041|6361.34|6332.99|6.39952e+06|0|2993.22|-894.26|-8.35119|9.7299|154705|22259.7|-132784|-3865.35|80|1.39626
338|700.917|6360.11|6332.66|6.39861e+06|0|2992.98|-902.611|-8.35395|9.73263|154749|22259.2|-132828|-3865.27|80|1.39626
339|703.791|6358.87|6332.33|6.3977e+06|0|2992.73|-910.965|-8.35674|9.73539|154793|22258.7|-132872|-3865.19|80|1.39626
340|706.664|6357.62|6332|6.39678e+06|0|2992.49|-919.322|-8.35955|9.73817|154837|22258.3|-132917|-3865.11|80|1.39626
341|709.534|6356.36|6331.67|6.39584e+06|0|2992.25|-927.682|-8.36238|9.74098|154882|22257.9|-132962|-3865.04|80|1.39626
342|712.403|6355.1|6331.34|6.3949e+06|0|2992|-936.044|-8.36525|9.74382|154927|22257.5|-133007|-3864.98|80|1.39626
343|715.271|6353.82|6331.01|6.39395e+06|0|2991.76|-944.409|-8.36813|9.74669|154972|22257.2|-133053|-3864.92|80|1.39626
344|718.136|6352.53|6330.68|6.393e+06|0|2991.52|-952.777|-8.37105|9.74958|155018|22256.9|-133100|-3864.86|80|1.39626
345|721|6351.24|6330.34|6.39203e+06|0|2991.28|-961.148|-8.37398|9.7525|155065|22256.6|-133146|-3864.81|80|1.39626
346|723.862|6349.93|6330|6.39106e+06|0|2991.03|-969.522|-8.37694|9.75545|155112|22256.3|-133193|-3864.77|80|1.39626
347|726.722|6348.62|6329.67|6.39008e+06|0|2990.79|-977.899|-8.37993|9.75842|155159|22256.1|-133241|-3864.73|80|1.39626
348|729.58|6347.29|6329.33|6.38909e+06|0|2990.55|-986.279|-8.38294|9.76142|155207|22255.9|-133289|-3864.69|80|1.39626
349|732.437|6345.96|6328.98|6.38809e+06|0|2990.3|-994.662|-8.38598|9.76445|155255|22255.7|-133337|-3864.67|80|1.39626
350|735.291|6344.61|6328.64|6.38708e+06|0|2990.06|-1003.05|-8.38904|9.7675|155303|22255.6|-133386|-3864.64|80|1.39626
351|738.144|6343.26|6328.3|6.38606e+06|0|2989.82|-1011.44|-8.39213|9.77058|155352|22255.5|-133435|-3864.62|80|1.39626
352|740.995|6341.9|6327.95|6.38504e+06|0|2989.57|-1019.83|-8.39524|9.77369|155402|22255.4|-133484|-3864.61|80|1.39626
353|743.844|6340.52|6327.61|6.38401e+06|0|2989.33|-1028.22|-8.39838|9.77682|155451|22255.3|-133534|-3864.6|80|1.39626
354|746.691|6339.14|6327.26|6.38297e+06|0|2989.09|-1036.62|-8.40154|9.77999|155502|22255.3|-133585|-3864.6|80|1.39626
355|749.537|6337.75|6326.91|6.38192e+06|0|2988.84|-1045.02|-8.40473|9.78318|155552|22255.3|-133635|-3864.6|80|1.39626
356|752.38|6336.35|6326.56|6.38086e+06|0|2988.6|-1053.43|-8.40795|9.78639|155604|22255.4|-133686|-3864.61|80|1.39626
357|755.222|6334.94|6326.2|6.37979e+06|0|2988.36|-1061.84|-8.41119|9.78964|155655|22255.4|-133738|-3864.62|80|1.39626
358|758.062|6333.51|6325.85|6.37872e+06|0|2988.12|-1070.25|-8.41445|9.79291|155707|22255.5|-133790|-3864.63|80|1.39626
359|760.899|6332.08|6325.49|6.37764e+06|0|2987.87|-1078.66|-8.41775|9.79621|155760|22255.7|-133842|-3864.66|80|1.39626
360|763.735|6330.64|6325.14|6.37655e+06|0|2987.63|-1087.08|-8.42106|9.79954|155813|22255.8|-133895|-3864.68|80|1.39626
361|766.569|6329.19|6324.78|6.37545e+06|0|2987.39|-1095.5|-8.42441|9.80289|155866|22256|-133948|-3864.72|80|1.39626
362|769.401|6327.73|6324.42|6.37434e+06|0|2987.14|-1103.93|-8.42777|9.80627|155920|22256.2|-134002|-3864.75|80|1.39626
363|772.231|6326.26|6324.06|6.37322e+06|0|2986.9|-1112.35|-8.43117|9.80968|155974|22256.5|-134056|-3864.8|80|1.39626
364|775.06|6324.78|6323.7|6.3721e+06|0|2986.66|-1120.79|-8.43459|9.81312|156029|22256.8|-134110|-3864.84|80|1.39626
365|777.886|6323.29|6323.33|6.37096e+06|0|2986.41|-1129.22|-8.43804|9.81658|156084|22257.1|-134165|-3864.9|80|1.39626
